nphot       = 10000000
iseed       = 12345
imethod     =     2
ifast       =     1
enthres     =  0.100000E-03
cntdump     =   100
irestart    =     0
itempdecoup =     1
iquantum    =     1
istarsurf   =     1
nphotdiff   =    30
errtol      =  0.100000E-09
nvstr       =    10
vserrtol    =  0.100000E-01
ivstrt      =     1
ntemp       =  3000
temp0       =  0.100000E-01
temp1       =  0.100000E+07
